0 0.483659 0.292744 0.054115 0.078262
0 0.551296 0.335503 0.088893 0.068115
0 0.716510 0.359414 0.094688 0.057969
0 0.454674 0.229702 0.050234 0.018838
0 0.419896 0.341299 0.077292 0.042031
0 0.372552 0.330425 0.083099 0.037686
0 0.822793 0.509414 0.156523 0.042031
0 0.442116 0.457964 0.106289 0.046377
0 0.429551 0.495645 0.108216 0.055078
0 0.615091 0.254341 0.050286 0.047822
0 0.216999 0.734053 0.119805 0.163770
0 0.382207 0.365938 0.090820 0.036230
0 0.606361 0.292021 0.052174 0.059414
0 0.646947 0.323906 0.075352 0.071016
0 0.510716 0.372456 0.077292 0.075361
0 0.633418 0.526802 0.083086 0.097100
0 0.325202 0.431875 0.061836 0.101445
0 0.396706 0.420283 0.092760 0.043477
0 0.730039 0.421733 0.075365 0.104346
0 0.614095 0.463032 0.144935 0.068115
0 0.636315 0.379702 0.065703 0.078252
0 0.331973 0.221729 0.071497 0.057969
0 0.948398 0.126807 0.102422 0.085508
0 0.676901 0.127529 0.085026 0.084062
0 0.281725 0.452891 0.083086 0.140586
0 0.562884 0.552891 0.127539 0.114492
0 0.467240 0.582598 0.133333 0.127539
0 0.342598 0.549268 0.150716 0.052168
0 0.410228 0.619556 0.193242 0.073916
0 0.890423 0.576807 0.079232 0.127539
0 0.799603 0.580425 0.102409 0.131885
0 0.928105 0.726079 0.135273 0.173916
0 0.727142 0.694922 0.146862 0.178262
0 0.587044 0.693467 0.141068 0.149277
0 0.411198 0.712314 0.129479 0.149277
0 0.084629 0.702891 0.160378 0.144922
